[img (2).jpg]
moddate=57af42802db4ce01
width=300
height=168
text=2;126;3;New;Aharoni;-0.003432,0.119878,0.365462,6.283185;v1,4294967295,4278190080,128.000000,1.000000,0.000000,1.000000,700,0,49152;;128;6;Alumni;Aharoni;0.254570,0.557954,0.393719,6.283185;v1,4294967295,4278190080,128.000000,1.000000,0.037383,1.000000,700,0,49152;;
textactive=1
